2504
214
18147
2184
21367
14922
7558
8391
3983
3064
4374
19050
3614
23345
14751
12065
1156
2205
1110
17761
12068
15181
10537
780
3804
6624
1456
22168
1455
2910
8183
22687
24102
4780
21276
22224
24889
21720
22263
7436
15740
21372
21958
10150
21146
9873
5490
17976
27110
3837
15309
7373
3009
8859
8703
21359
21411
9032
8963
17760
23873
26537
7403
406
26020
17460
21675
3084
16299
4580
32211
5696
7936
7221
10923
23354
3034
17331
15558
15559
14965
5729
21629
21817
21545
5141
21005
32295
26029
25550
23170
1809
12256
4968
5932
31814
24862
430
10063
1814
8820
15008
26237
22083
21049
3179
7845
14578
5362
3556
7039
22757
20873
7236
18234
25073
31817
11569
5538
17588
25286
21448
8092
21987
14793
14794
31810
21643
12988
5150
15051
21542
18233
18664
24111
15739
13330
25812
26291
21986
1681
31820
6678
889
14492
17631
2539
22036
7767
21674
7606
21232
23188
21500
22094
910
13202
21013
884
31049
7012
21818
20830
21730
22808
31808
20513
31038
26267
31819
24310
7027
31811
22796
6651
3554
14707
21133
31807
7367
4935
21091
14277
2164
14363
27107
7057
7430
16556
7579
17374
3581
17244
7048
2109
2460
7185
20599
14192
555
15560
12944
20961
21505
17245
754
3555
24075
21724
15562
21043
605
14708
25304
985
1804
6997
31816
22217
404
12815
30903
14320
21101
14191
764
17201
20920
6866
6869
6848
1435
6851
32268
21055
6845
24758
25159
345
24760
3486
2604
3485
3490
3487
3491
3489
2097
2605
3483
3480
3482
347
336
346
2608
14638
3488
14636
25836
2618
2625
335
2620
3497
1569
22056
21562
2602
342
333
332
330
328
329
2453
2445
2607
3500
3499
6352
2443
2444
1568
1729
1730
19643
3479
25842
2624
27004
331
1571
2446
22612
1570
23936
1564
1566
1565
2442
2264
24560
24726
2448
2447
1034
25683
8990
1035
25612
12913
20972
12311
1741
1740
22300
20981
865
23754
23730
1903
26866
24318
24896
28278
12309
26310
510
511
2450
24564
6241
1739
23299
23298
2260
9723
1036
24522
27313
173
175
23940
174
172
9766
2965
866
2262
13171
2263
27798
27346
21976
26580
26571
3140
25361
20332
20331
20330
22880
1915
30825
1383
28783
25100
27216
2085
4130
2258
507
27696
16403
11448
21427
1382
7067
23410
684
23410
23942
684
10155
858
23669
684
4146
2258
507
27696
16403
3088
30825
28783
28728
854
858
23669
7154
27838
7113
27386
28318
27351
29851
27834
27248
27701
28762
23410
23942
684
23450
3141
1916
22831
2095
154
23669
7154
27838
7113
27386
28318
27351
29851
27834
28177
28762
23410
23942
684
23450
3141
1916
22831
2095
154
154
17702
17704
2429
680
155
155
154
155
22831
22831
155
29649
7489
22643
22662
5960
22831
26580
155
29649
32309
7489
5625
5609
22643
22662
22731
22608
6026
6001
25133
5994
4857
28144
22696
22597
32300
507
2258
3658
3660
2258
22598
26580
29649
32309
5609
5625
5567
1813
22643
22662
22731
22608
25133
4857
1113
22597
22696
32300
6026
6001
5960
5994
5941
2138
22831
155
7489
154
507
28144
31307
508
23219
23221
22598
28144
31307
508
23221
22598
28144
508
23219
23221
3141
1216
26578
3660
4130
28144
508
23221
3141
1216
28144
508
23219
23221
3141
1216
508
23221
3660
23219
23221
3145
29889
30822
3675
3148
23221
3145
3675
20767
23219
23221
3145
29889
28884
3148
3141
26122
3144
3675
26629
20767
520
508
29889
28884
17702
17704
2429
3311
32099
27386
28310
3325
3325
17702
17704
2429
864
2450
678
23450
858
857
23707
3148
857
32309
22689
22662
25133
3141
32300
26580
29649
1813
5567
5625
5609
22731
22608
26570
26122
4857
1113
22696
22597
3144
17702
17704
2429
6026
6001
25611
5960
5994
5941
2138
1216
1215
3675
680
22831
22708
1113
22597
22696
24122
3144
17702
17704
2429
6026
6001
25611
5960
2138
5941
5994
1216
1215
3675
22831
22708
25135
25134
2090
3675
22831
26629
1739
20767
7439
520
507
2267
2268
2269
23217
23221
3145
2973
1573
26368
1573
18071
26310
2090
1508
2450
2450
3325
2450
17743
3770
4669
4694
25100
2450
3311
17743
3720
3309
3308
3770
155
113
26818
22689
22662
32300
4685
4669
4694
2091
1038
28141
25100
2089
26368
26852
26368
1573
18522
26818
22689
22662
32300
2973
4685
4669
4694
2091
1038
28141
23410
26319
26368
1573
18522
23410
22689
22662
32300
2973
4669
2091
25100
32309
23451
23452
29649
2086
32309
23452
5609
5625
4857
26852
17743
3720
3770
26319
26368
1573
18522
23410
22689
22662
32300
2973
4669
2091
25100
22689
22662
32300
2973
4669
2964
22689
32300
1205
32309
29649
5625
5609
22597
31603
32309
29649
5609
5625
6026
6001
5960
5994
28168
28746
25420
28151
27676
27224
1916
27232
28160
27684
28747
1388
22373
22372
26580
27664
26122
1905
19899
19898
19897
27234
28152
5086
1379
1378
2793
1388
2794
2795
28310
21427
1398
24374
24368
24367
27372
27830
28310
21427
28310
21427
28310
29886
1398
24367
21427
26319
22662
32300
28301
22357
27787
20933
22372
25439
25441
25440
23474
2272
1388
22632
31960
690
22735
22743
1390
20946
2965
29850
22371
21441
27339
30822
2793
2794
2795
28310
29883
29886
1397
27372
27830
11662
28262
28917
26213
2780
23474
2272
1388
22632
31960
690
22735
22743
1390
20946
2965
29850
22371
21441
27339
30822
2793
28310
29883
29886
1397
27372
27830
11662
28262
28917
21927
32108
24328
1378
1379
2964
22611
22480
21927
32108
24328
1379
1378
2964
2266
22831
1573
22611
3141
26580
3144
3145
3143
22611
3141
3144
3145
2968
29850
22371
21441
2265
2968
29850
22371
21441
1379
11662
2089
3144
3145
1388
1383
1382
11662
24328
1378
1379
2965
1387
1386
22611
3141
3146
26580
26319
862
32300
28301
22597
27787
26824
22372
2780
2265
2781
26571
25439
25441
25440
23474
2272
22632
2968
26852
3149
3149
2262
2263
20803
3148
22662
32300
3149
22624
22632
22735
1925
22708
2263
22643
2798
26631
1916
20808
20804
20805
20806
20807
27537
3148
22662
32300
3149
22724
22624
22632
22735
1925
22708
2263
22643
2798
26631
1916
20808
20804
20807
27537
2267
25415
25416
2264
24915
22743
26144
26142
24951
1923
22651
2262
29883
27680
5596
22754
26629
28168
24721
3672
28301
24726
12913
28901
20202
20201
20640
20639
20638
20637
20636
28310
3144
27372
3145
1383
27124
27128
1385
1737
1382
22027
19901
19900
28884
11662
24328
32309
1379
1378
26553
19900
28884
11662
24328
32309
1379
28277
22385
27232
22389
22322
2089
2258
23754
865
1387
1386
507
23217
523
19979
19981
19982
19986
19987
19967
507
3658
3661
2781
20079
20077
20076
20075
20074
2794
26071
24324
523
19944
19945
19947
24314
22605
3130
3130
24313
1378
1378
24313
505
19892
19893
19895
19896
23215
19896
506
19892
19893
19894
19895
19896
3130
502
1379
523
2272
503
505
23217
24313
503
505
505
20671
24313
503
505
19904
2780
20671
24313
505
20671
26067
503
505
3130
24313
3130
3130
505
24313
3130
503
23271
19861
503
3127
19863
503
3127
19863
2780
19904
505
19861
3127
23271
19861
26069
26067
1381
503
505
2780
503
24313
2782
2782
24313
3130
505
23271
19861
26070
2782
19861
19861
19854
1386
2782
2782
24328
519
2782
19861
2782
511
24328
1380
26070
3130
2780
511
26070
3130
511
26070
503
3130
24313
24328
3658
503
1385
26070
3658
24328
505
507
519
505
507
519
26119
26090
507
23217
24313
24313
1382
26080
1380
24313
1382
24313
507
23217
23217
23217
23217
26090
24313
1382
3658
507
507
21532
3658
3658
507
1382
21532
519
519
1382
507
519
519
511
24313
507
3658
519
3658
1382
1382
3658
3658
507
1382
507
1382
3658
1385
26070
507
3130
20074
20155
24313
503
2260
20154
1386
24322
24318
26067
19776
503
2260
24313
25358
3659
24313
505
504
19861
19862
24328
2780
19862
3654
24313
505
19863
3654
2780
24328
26560
26071
24313
505
3130
1382
2257
1382
3659
26090
24328
26090
24328
25358
24328
2260
26560
24313
26090
3659
25358
24372
20160
2260
505
3130
26071
3659
24328
24318
503
25358
3659
25358
19862
503
25358
503
2257
3659
505
24328
3654
19864
27124
24328
3654
19866
19865
19864
27124
19854
19861
27124
3653
3130
3654
23218
27124
26071
3653
3130
27124
26071
26071
505
27124
3130
24319
3655
1380
1382
506
19897
511
23268
26090
24372
27127
1380
23268
23268
23261
1380
26090
23218
23218
26090
23218
3130
23268
505
511
24319
505
24319
27127
27131
27133
24328
19854
24319
23218
3130
23218
3655
3130
3655
505
24319
19854
26071
25358
23260
1382
511
2257
25358
1382
511
26067
25358
23219
25358
23219
23260
25358
25358
23260
23219
1386
23219
19854
25358
1385
26560
1385
24319
3130
520
2270
23260
3658
27127
2795
25358
3653
27124
23219
1383
507
2257
23217
26090
26071
507
26090
507
507
24313
26071
19970
23219
19970
24313
507
26090
1383
24313
507
26090
24313
26090
24313
1383
3659
503
504
19854
19861
19810
23214
1383
3659
503
504
19854
22012
27372
24717
27362
28884
11662
28277
2965
22385
22450
27232
22389
22322
2089
3310
27798
15281
2964
26341
21612
22385
27232
22389
2429
2089
2429
2288
25610
2964
21612
26342
27372
1737
27362
28884
28277
2965
28160
30822
1575
3770
3307
118
7154
1573
1573
18608
174
174
29817
30902
28918
22071
23474
692
23474
25686
688
684
160
29817
688
684
160
23450
684
692
688
2448
23939
22857
684
692
688
2448
23939
682
2448
23939
682
23942
688
684
690
692
688
684
23450
690
690
23942
688
23450
23450
688
23450
688
690
684
690
684
23942
688
23410
684
23938
23409
23938
684
23938
23410
23410
23938
23410
23450
684
683
1038
22637
22637
23410
23938
688
1039
690
23938
23450
689
684
688
688
1039
1040
1029
1040
1040
688
684
1040
688
689
685
684
26363
2965
2965
2965
685
1040
688
2965
689
26363
2448
2430
2429
17732
23981
1040
23938
26339
1037
2432
2965
1033
21648
16664
1039
25665
17732
23981
1040
23938
26339
1037
2432
2965
1033
21648
16664
1039
13128
2964
23410
28901
23450
22608
688
2429
21118
23493
22143
23411
23730
1030
24135
28310
685
2955
23403
677
1034
23980
18612
1575
1029
685
3325
26855
26830
1034
1034
1034
1029
1034
1029
23405
685
1034
23976
685
1029
1030
23405
23407
26295
23407
1029
26295
2954
685
17702
17704
17706
17709
17626
26824
17710
17711
17712
26295
1029
3308
3308
17702
26295
26814
17702
26295
26822
3307
26818
3303
23930
3307
26818
26816
3303
23930
1029
3305
26859
1029
3305
3308
26295
3308
26822
1034
1038
24530
26820
17628
17627
24541
23928
24547
1034
26833
26833
1034
1038
3310
24530
17627
24541
23928
24547
17616
17626
22889
3308
26833
1034
1038
3310
24530
17628
17627
24541
23928
17616
23928
678
23730
860
10433
23669
854
10175
857
7902
3308
26859
26822
3322
26295
1029
1033
3305
1573
26833
23411
25613
173
1034
23981
1040
1037
1039
1038
3310
23938
23450
24530
17627
25686
24541
23928
23410
24547
17616
678
690
23730
860
10433
23669
23671
23707
10433
21648
13128
28901
21118
24135
28310
1208
28932
28293
16621
21647
21433
27390
864
1213
864
1214
1212
28285
28270
6591
28270
28270
24135
28853
1215
28285
23754
10584
23732
2090
28159
1214
28270
29852
20053
28932
2085
13560
13646
2085
28277
29851
28884
31048
28277
28870
29851
29851
2794
2793
22357
29820
27791
23243
15110
24362
25100
27137
23754
10584
23732
28870
29851
21827
2794
29851
1380
28293
2779
2090
2259
27786
24314
1378
21827
2793
22357
29820
29851
27791
23243
15110
1380
25100
24362
27137
24318
27122
1378
28293
23754
10584
23732
2779
2090
2259
3653
27122
21827
2794
3653
21827
2794
21647
21827
21827
2794
27390
22477
21827
2794
2794
28870
2793
2794
21827
23243
27122
503
519
27137
27137
24362
27137
503
1384
1385
1385
510
27791
20932
22358
27786
1384
1385
27137
27122
24362
25361
20030
510
503
26143
2793
1384
1385
27137
27122
24362
25361
21827
20030
519
24318
503
26143
2779
26144
2779
2794
2779
26144
21827
2779
24362
2779
31051
2258
27122
21827
1385
24362
19841
2779
504
504
503
24362
505
21827
505
19841
2780
24362
510
1385
1385
27137
2793
27822
23243
1385
27122
21433
21827
15110
504
2094
24139
503
24139
2794
503
23218
24139
1384
23225
23218
24139
24362
1384
30822
1384
24139
2094
28159
24139
2094
28159
28854
28868
28159
29680
27676
28152
12976
11296
28747
11597
13666
29651
10584
1385
27137
27822
2793
2094
27122
30822
21827
23243
24362
503
29820
1205
27122
30822
1384
25361
21827
23243
29820
30822
2793
25139
27122
27137
27822
2258
29820
1384
2794
21827
23243
2794
21827
23243
15110
28269
28884
25139
2258
2794
2094
2793
30822
2089
28853
27122
1385
2259
22413
23243
2259
22413
865
28868
1214
28884
2259
22413
1214
865
28868
28884
2259
865
2259
1214
865
1214
22413
2259
1385
27122
27122
30822
1385
27122
30822
27122
1380
505
30822
505
21827
28301
27122
1380
30822
505
23218
21827
1380
24318
519
28884
15110
19810
1378
3653
29886
24362
19810
1378
15110
15110
28301
519
28884
28301
15110
28884
28301
19841
29883
25361
1384
25361
29819
2090
1214
2089
25100
28301
32108
25363
2258
30822
2088
28884
2093
25139
13947
13818
3656
3655
27159
2090
2795
3660
27802
22612
21427
22448
24173
2798
2797
25435
2270
15110
28176
25441
2794
2094
24715
1209
1207
29738
2259
22417
19841
28900
28293
1739
1740
24725
1743
24730
31045
2089
2793
520
521
1215
28901
11403
1210
24171
2781
27122
24363
25354
24127
519
24947
1921
1920
868
1380
28269
858
2084
25100
2257
511
22637
27704
859
24953
19428
23273
20938
27222
22322
22323
22579
9076
11491
509
1206
28301
24173
32108
24715
1209
1207
1210
24171
25363
868
858
22637
859
2258
30822
2088
28884
2093
25139
13947
1379
1206
24122
13818
1380
19208
3656
3655
27159
2795
3660
27802
22612
21427
505
22448
21578
2799
2798
2797
25435
2270
15110
28176
509
25441
2794
2094
29738
2259
22417
19841
28900
28293
1739
24725
1743
24730
2796
31045
2089
2793
520
521
28901
11403
28853
2781
27122
21078
24363
25354
24127
519
24947
1920
1921
28269
2084
25100
2257
511
27704
24718
24719
24718
20898
1739
24725
23735
27802
24718
29738
1743
24730
3656
3655
23730
1739
24725
20898
864
23735
2090
2094
19428
2084
24725
20898
25893
858
859
868
22637
864
24715
23735
2088
24173
32108
23671
24171
2090
28301
2094
2258
30822
2093
25139
1209
1207
28884
19428
2084
24725
25363
23669
856
20898
27802
24718
29738
13947
1379
1206
24122
13818
1743
1380
3656
3655
27159
2795
3660
22612
21427
505
21578
22448
2799
2798
2797
29852
25435
2270
28176
509
25441
22012
2794
2259
22417
1379
1206
24122
13818
1743
1380
3656
3655
27159
2795
3660
22612
21427
505
21578
22448
2799
2798
2797
29852
25435
28176
509
25441
22012
2794
2259
19841
2793
521
520
28868
28901
27806
11403
15109
18861
2623
18862
18863
13818
18864
18867
18869
18873
18856
26975
26977
26979
23080
334
18863
19730
23080
23029
2623
2623
23029
2098
2624
23080
2623
2244
29738
13947
1379
13818
1380
3656
3655
27159
2795
3660
22612
505
22448
2799
2797
29852
25435
28176
25441
22012
2794
2259
19841
2793
521
520
28868
28901
27806
15109
520
521
28901
27806
27122
3673
3673
3674
27207
3653
3659
3661
520
521
28901
27806
24363
519
24947
1921
1920
511
28885
27704
24953
20938
11706
27222
3674
27207
2263
3653
2273
3659
3661
521
520
28901
27806
24363
519
24947
1921
1920
511
23249
3659
3661
520
521
28901
27806
24363
519
24947
1920
1921
28885
27704
20938
9850
1914
1915
1915
3144
1915
26605
1915
3144
3140
26605
3140
26605
3144
3131
3145
26605
3144
3131
22609
3145
26561
3144
3131
26605
16230
2965
3138
26649
22754
22608
26561
1913
24917
3145
26557
3131
3140
24317
24373
1915
22662
27658
16230
2965
24317
24373
1915
22662
27658
2965
1920
24951
3141
3145
3138
26649
22754
22608
3140
24917
26310
26557
24317
24373
1915
22662
23981
1041
23980
27658
23981
23980
23981
2965
11489
1920
11511
1028
23981
2965
23934
23927
2965
4694
1920
153
22832
22835
22882
23494
22882
3145
3138
23469
26649
22754
22608
24317
3140
24373
27658
26561
28141
22662
27658
22754
22662
27658
28141
22735
22609
22754
22662
27658
26649
22754
2970
22662
26649
22754
24317
24373
26649
24317
24373
26649
26629
28141
22735
22608
3144
24317
24373
26609
2970
26344
22654
23981
1040
24367
28141
22735
22608
24373
3144
3147
23981
2273
26629
26310
26343
3148
22754
22662
27658
28141
22735
22608
23942
24373
23273
1035
3310
26822
3144
23981
23981
24319
3144
23942
24319
26575
26575
27658
26344
22662
23942
26575
3144
1040
2966
2965
27658
22662
23942
26575
3144
3150
1390
26609
24367
26310
26343
27658
3145
2966
2965
26629
3138
22662
23942
3144
2966
2965
3144
3147
3150
26629
3138
24319
22585
23942
1390
24319
26310
3145
26343
27658
24367
2966
2965
3144
3147
1390
3150
26629
3145
26310
27658
24367
3147
26343
26629
3138
22589
2966
24319
1391
23261
510
3653
3652
511
523
2966
23273
3148
2273
23273
23273
2273
26629
3147
23273
1915
23271
24367
2273
3138
26571
3147
23273
1915
23271
24367
2273
3138
24918
24951
1919
24925
26630
1919
24925
1924
20721
3659
3148
24367
20372
26571
3148
24918
2273
24951
1390
1919
24925
3138
1924
3653
26629
3147
26580
24367
23273
24328
20372
3145
26571
3148
1915
23271
26310
26310
26343
24918
2273
24951
3653
1390
1919
24925
22609
22735
3138
1390
26629
3147
3145
3148
22726
3140
3148
22726
22726
3138
26578
2273
2273
2263
1915
1915
2263
3138
1919
1924
24914
21983
3144
3138
3144
2263
3141
3138
3138
26605
3138
26605
22609
22726
3147
3138
26605
3148
22726
3140
3144
16230
1915
23271
3141
24328
24908
1920
3140
1915
3145
1924
16230
3141
24328
1923
1913
1399
1920
3138
3148
22608
26571
3140
24372
1397
24373
1397
1385
3138
22608
20757
24372
510
3659
1923
23271
24908
1390
23271
26605
26605
24908
3138
507
22662
27137
3657
24908
27658
26629
22754
26144
22735
2268
3143
22608
23217
26571
519
518
9721
21842
3140
3129
1915
1382
22097
1390
21922
11446
17709
3138
507
22662
27137
3657
24908
27658
26629
22754
26144
22735
2268
3143
22608
23217
26571
519
518
9721
21842
3140
3129
1915
1382
22097
1390
21922
11446
2956
26570
2956
26310
22116
26294
26294
3129
22097
26310
3129
22097
2955
23217
26571
519
518
9721
21842
26560
26294
3129
22097
26300
27137
3657
26310
2955
3138
22073
26560
507
22662
24908
26344
26294
27658
26629
22754
3143
3148
3129
26300
3657
26310
26629
2955
3138
22608
26571
22662
24908
26344
27658
3145
1915
26344
27658
3145
23217
23217
24328
24908
22662
24908
24328
3140
24908
27127
22662
22662
3140
24367
24908
27127
26571
22607
22607
3145
22607
26571
27127
3140
22662
3145
22607
23217
3140
22662
3145
22607
26610
23217
24328
23261
3141
23271
22632
3141
27127
26571
26555
22736
3141
3147
27127
3148
26629
3148
23261
26609
22471
2963
1913
24328
3148
24328
26629
1913
24328
1915
24328
1915
24908
1391
27127
24374
24951
1390
1913
24328
1915
24908
1391
27127
1915
24328
1390
23261
5625
1390
1399
4100
24374
1399
1924
1920
3148
24374
1399
1923
20757
20758
20759
24328
1925
1391
27127
1923
20757
20759
3141
1920
3148
24374
1399
1923
20757
20758
20759
3141
3140
3138
24328
1925
27127
26571
16230
24328
1925
27127
24328
3138
3140
3138
3140
3141
1923
1923
458
3149
26629
22662
1924
1923
458
3149
24952
3141
20674
20675
1397
2272
2273
24917
2273
26629
22662
1920
3129
1915
24917
24908
26605
1924
1390
27127
3140
24952
20757
4100
20758
20759
19820
20759
503
1400
1390
27127
1390
26580
27127
3138
22729
22662
3129
3140
26300
24917
27127
24917
24319
24908
26300
3145
1397
1398
27127
3148
1397
1398
1923
2272
2273
1924
3141
24367
3141
1391
3148
16230
3141
1920
1923
27127
24319
20612
27127
27127
1391
1391
3148
27127
27127
22735
3147
27127
3138
22735
3148
16230
1390
3147
26561
1915
22609
1391
1920
1923
3145
22729
22735
22607
22662
3138
22729
3148
3147
3141
1391
1920
1923
1920
1923
24374
1920
2273
1397
1398
20628
24328
524
26651
24374
26651
24374
1390
26651
16230
3145
1398
20628
20628
1398
3145
3149
26570
20714
1400
523
3150
27127
3147
26605
22609
28169
3138
26629
3149
24374
22662
26570
1398
1390
523
524
3150
3145
2273
27127
20714
3147
1400
22609
522
23273
5061
9979
16554
16555
16466
26855
26831
3310
9979
16554
16555
16466
9872
9871
27701
27248
9914
16337
16380
11511
11510
11209
11167
11166
11726
11725
11768
9054
15649
15606
27344
27814
27346
27350
11339
27760
14053
10648
12976
11296
13666
27307
10175
11553
10562
10519
10304
9269
17544
17543
15389
15388
13623
12889
9828
13709
13838
14139
15044
15174
14010
9700
29731
13148
13234
15260
14354
12199
30901
14700
30904
12245
12244
12416
14743
14744
30907
12330
14658
9743
9958
16165
15907
14786
14657
12373
13276
10605
13795
14096
16122
12890
9227
9226
14787
15259
10906
11252
9786
14701
12417
16423
17027
17157
16509
13233
10089
12198
12288
9098
11467
11468
12287
12331
10132
16726
10691
16812
11295
16770
12374
16727
17457
16683
17414
17415
16984
16985
17114
9699
17070
17071
11253
32289
25782
9376
16900
31967
3831
21232
20922
12279
7612
7003
7609
15258
21541
20083
5535
14364
26549
10665
2530
10311
15611
21094
16493
1864
1455
13153
32248
10659
24096
10616
3810
21858
16815
12730
17368
8508
1831
2355
1409
32225
11294
2910
3530
2329
7224
29736
22167
7741
9584
21361
12243
110
29733
14277
13202
11956
8183
389
21460
3209
13116
21632
9849
531
4368
5156
21273
16467
2314
22183
21642
11041
1155
17235
210
24102
5177
16685
20833
18105
26032
16643
439
20831
2156
21553
16642
21589
9617
2155
1059
1079
3504
17156
21179
24286
22971
21413
16381
21132
19653
21554
254
22177
2660
2556
9625
21779
24304
731
434
4992
18535
4929
12593
21949
17286
21680
7715
21720
12772
4383
11698
3564
15138
5120
12773
31439
31438
22980
1835
5529
964
11045
609
17846
4046
3079
27074
14017
23167
5690
6854
10957
17322
9892
24111
16599
4422
11046
3585
17370
1405
22219
2834
11824
14966
2389
17192
2385
9074
7858
281
18879
234
20916
12468
13665
10087
4377
21762
22270
21136
16384
22048
20727
21040
5344
8729
25322
22077
7215
4789
5905
11867
13708
13546
20039
2981
9075
435
19480
2884
15567
259
8586
2364
21222
14748
8573
15009
1434
26519
22139
20998
11048
13186
23348
1664
11483
17288
1480
22738
6654
14105
22274
16121
6818
2680
20969
12513
22627
22959
21313
22127
7576
9160
5135
13230
26291
1114
19825
11051
84
2831
26951
16040
4428
9676
104
1289
15998
10837
22775
21409
2706
14347
15997
2455
3160
21725
21357
11311
2730
13933
21813
14140
15727
14535
26948
26954
22221
11006
9099
4186
26906
23194
11126
7910
12127
22968
7400
21012
23384
14880
20298
11397
18148
22766
22264
21773
17760
21415
981
2534
12470
54
12638
889
8287
23873
6305
3034
25034
21501
6475
31981
31979
7227
21732
16508
1285
1635
22089
4007
8898
960
1685
32259
6269
8833
23155
17374
4034
20040
22787
2039
13460
20771
3059
9975
17545
584
13457
14665
24084
21143
3510
18750
32258
21269
3339
25043
8105
13191
20556
55
6111
2810
21190
17324
26795
5326
5699
23013
15782
1955
15608
2554
20862
7054
12945
11163
1235
22690
23618
24250
1510
23885
22044
17238
11008
21046
4362
20864
1309
556
22135
7221
4031
6991
956
16600
10573
15610
22649
23663
1081
21230
1239
9970
12515
11470
23651
21446
22004
20816
23612
26285
13831
11951
10918
19696
5732
30718
9756
1130
25328
12643
17158
13836
21183
5356
13361
7042
764
15892
14090
14353
20823
1314
12333
2980
1435
4941
3006
24298
21764
8378
26044
25604
6448
1055
7376
9587
10698
15812
13630
12285
12986
10569
21590
12422
1680
21857
9751
1085
19739
21546
13373
12641
22094
955
15900
21671
5302
24274
13626
21092
25325
12214
19824
809
21316
13625
14013
22977
15352
12987
9962
6666
26249
22684
8495
13288
10193
17159
11349
10696
19609
32238
11342
10960
14493
14965
20169
6299
26252
2535
18922
21905
3435
21995
19351
2830
23363
21013
6806
4213
26050
21009
15904
9247
6839
7185
20427
31961
11469
10622
15906
539
8417
14093
12596
23351
23606
14836
9959
12472
20469
231
21495
4971
1280
1154
11506
7012
7415
21099
6457
10365
19781
12597
230
16514
12978
12418
11508
21228
4923
22709
11509
5141
21310
10450
20955
22124
3852
1109
16427
2384
7585
3505
8404
15032
13487
4762
10693
25833
22131
10910
714
6275
5335
17201
23152
20828
15176
15033
15041
17804
15769
21139
21130
22269
239
6872
4801
4604
1585
26927
18836
15954
4001
21946
15814
3606
410
32233
24099
21552
4395
1780
15691
3239
19137
6254
23660
16809
4759
5341
9805
20599
16557
1854
19395
14450
1
10924
914
9633
6493
2104
16944
21363
20908
2279
32227
21817
21229
4747
4959
12514
21493
604
5502
31944
5523
22262
15175
181
229
8547
31971
31049
9419
10907
3204
9461
10838
4198
22793
64
21545
17526
21362
22084
24874
21464
5147
22265
21688
5520
26801
4610
1255
26792
11205
1856
2460
21355
4174
2689
10961
5317
11341
2310
21988
14192
3843
21006
21681
1684
11986
14959
21005
1631
22228
20997
6827
26960
2835
11955
21549
21226
2010
12601
16341
24470
22213
21818
20954
13198
21360
24072
1281
26513
2639
11208
1404
26495
15094
5368
7603
21775
3849
26029
10708
19051
26552
21866
1981
6114
21774
10493
1980
9289
15224
26918
22129
989
3334
555
1935
20825
21225
9748
5547
16084
1581
13413
26774
4025
20830
31816
10364
22974
26534
24681
26279
25556
980
20996
3380
1809
4768
15869
32214
3995
10408
3189
3260
18061
18019
21677
25028
4577
5499
32257
26288
12256
939
18578
15819
5347
17847
20384
32253
3406
7048
4774
13632
9630
4968
7591
27062
4595
11868
22808
260
22210
20211
21591
3264
1934
15779
3004
929
2456
14908
8872
17718
9531
11989
560
25316
26777
21598
10021
12343
4404
10130
24277
3164
25022
5365
21815
4750
2005
10692
14234
20953
31958
11913
3989
16811
3404
32223
26041
26789
23357
20082
9204
2380
9203
21057
7621
1614
25559
1609
15731
6272
2914
1106
21042
18363
24289
6669
2681
18362
12944
26504
22038
5305
20920
1414
21177
1954
21586
81
13417
21463
13501
21945
2709
17331
2109
21323
5168
11548
1460
6260
6851
21721
10063
21055
6845
29
12286
31974
10
1331
21452
785
19437
31038
881
21594
760
7606
22760
4938
14054
4004
6681
1814
9459
11549
24678
26810
21823
21952
14149
5681
7567
7036
3035
21508
24467
23173
10020
19266
7421
4565
21539
25064
11096
2634
21536
2379
13461
6648
2854
6060
11655
1131
9540
1656
25070
7194
2814
15385
22998
11052
2704
22126
4028
13977
15095
24262
13890
10794
13847
21766
11954
14750
21625
22268
17416
4204
11720
11763
6436
21400
13805
1304
21809
21270
27080
21627
22049
13719
13718
21103
2510
1464
5675
8040
106
32260
6120
15525
4052
634
27104
32271
17542
5353
19222
31819
9503
18062
460
20685
7884
17499
6809
385
17501
3229
24636
22272
5117
25809
21851
20770
25595
23891
789
15267
8118
9462
2734
7588
7597
19438
21318
16986
7406
1334
8937
21368
11784
3410
8482
3214
20813
13633
5320
3354
16943
21457
16338
5741
31966
3210
31948
15006
31566
19223
12196
24310
24868
11783
12553
25580
7650
7418
5678
5111
26765
12686
7845
10149
5314
27101
631
21192
21419
32226
7203
23188
25592
23627
2555
26942
2135
21683
3589
1829
6066
7027
26282
6427
21777
535
21412
5720
17330
10966
21406
9375
930
17194
15180
1329
3005
20912
3154
16425
6293
31950
31964
5362
21497
1839
32221
10279
22706
20919
21673
1979
25334
19180
9762
31813
3556
22630
16772
23645
7676
1080
22047
16728
4744
14962
22215
906
32250
10064
31968
24841
17243
13416
11551
3429
6675
21223
1830
22092
22165
10880
31041
13195
26786
1505
27113
27098
24880
2106
8794
17198
6657
5923
2454
21408
15386
9745
5496
22652
21416
9161
21856
9934
23010
14094
12816
13316
564
21279
14921
11997
22076
9460
20867
22035
3360
25025
19309
21315
5165
2505
13934
13322
7923
21404
4568
3039
24307
21374
23206
20641
3813
4792
21807
22796
24256
24690
6242
754
17373
3825
16428
554
12429
6430
905
24283
755
21366
5129
14879
14878
21596
20819
11999
32285
19868
24090
25565
25295
23342
26813
2504
24856
3180
22085
24663
21137
6096
24253
16213
15696
24301
8768
22043
3531
22763
5138
3356
10580
910
10568
25313
22086
21778
214
21950
3181
3610
20815
21087
21723
21147
2356
2480
7397
180
7209
21861
18147
2710
14835
21769
32281
2334
23636
21178
1064
5505
23648
22034
21860
4013
21997
635
21806
20915
11090
32278
24859
25079
1810
21686
20962
15862
3385
1509
24066
10192
21854
6108
7060
20297
11741
380
6266
21004
4738
1305
2459
7424
7819
26056
6821
7024
17717
1410
709
22080
24672
21097
1779
21947
8365
16681
23161
17588
22218
26255
21461
14406
3834
3509
3256
14278
885
8950
17115
21585
1454
15568
3231
3080
23615
21911
24446
24075
21635
9031
21193
20918
1610
21135
22258
5863
355
21086
21281
31
6051
8300
18448
21280
17200
8261
14751
11092
3828
6630
25550
21008
21448
1834
24449
12257
18104
11764
21059
20963
18405
14106
15783
8092
3234
1156
5132
7561
19008
7582
27119
2205
32241
3330
14964
6830
10607
20861
12859
12386
6478
17113
3056
21957
2289
21630
19265
26753
20964
3858
4786
2035
20820
19136
21182
23164
20684
17761
24078
21868
13976
2105
11310
10305
20870
7367
2185
16162
5887
21588
2714
26011
10653
4040
21052
26014
5687
4571
22633
2381
32266
24060
759
20834
1264
5350
32249
13031
25815
25076
32272
1679
2489
25800
4574
6451
2180
21044
1605
7975
2034
20951
20871
20426
32213
26234
23197
20952
5911
21998
10173
21771
23633
3439
4935
10537
2284
17417
6084
11009
16987
780
22229
13502
23182
6257
11138
8664
2306
21445
32286
12895
20872
23642
12555
21090
1855
21994
24883
6284
17632
4171
26762
21325
6624
2531
26498
22255
20728
21643
21734
14407
7009
15439
21718
9418
25589
21638
15438
22134
6105
7191
26522
21088
6087
22173
3819
23900
8716
12988
2739
6287
21237
21234
10088
20957
21181
25818
985
9118
7206
5744
579
26510
1755
429
4219
8924
7248
1160
1479
19524
20555
3535
15781
21636
11267
2154
10235
2881
22000
22687
13150
21914
11827
3534
16771
21670
6308
22042
25791
3431
22665
3156
15051
1230
27068
10566
8469
25806
3998
26921
19566
2985
21238
26246
4780
32229
21175
17072
2164
32240
21542
12471
4953
12644
12213
12557
4601
2564
20860
4771
21277
22093
23603
10278
5717
5174
24687
184
730
13761
5126
13374
1589
27095
24889
18233
6615
13332
4231
1459
5299
2206
17589
26023
706
26963
189
32244
11139
1084
4783
25343
32230
22263
14235
8209
22082
21414
22132
22267
22956
25340
26936
6618
21689
21864
21093
26507
9631
21499
7436
880
21684
22784
21941
6054
16513
12171
24265
4765
21906
1579
606
1604
3514
15740
24063
13676
21816
2209
5
23179
21089
2479
60
3206
21496
23001
21372
24853
16342
24871
16255
4180
21043
5159
7018
21056
21958
20254
21993
13375
12729
6466
21144
32267
2514
24838
21550
24657
10150
21450
8742
7000
2879
21146
6263
12128
21850
8677
10322
13330
10965
2685
2110
8651
7218
2159
22220
2885
23375
89
359
26525
21180
21763
8625
14747
20865
580
3331
2829
2359
22962
21403
22171
6663
14148
21990
9332
24829
19567
6484
8521
23366
25055
5144
2729
26543
17976
16083
256
7637
26531
21592
10881
22992
22257
21715
6803
26035
26915
13231
4556
1660
1789
21985
10106
20876
23924
3379
5705
5866
3837
1429
2281
2860
22703
7006
20968
2859
26912
24093
2339
4192
21365
21685
11053
6069
23639
21996
22175
784
2305
15868
13274
15866
21761
22037
7033
26546
6296
22180
12428
21899
2629
4210
735
20959
4983
4043
810
5926
21239
4386
15310
21001
13232
7370
3855
21509
13073
11910
15823
22003
21548
27077
2905
3010
11130
19610
8976
21278
10752
4016
19308
23624
381
20512
6433
4586
25046
360
1134
21329
20822
26492
1335
17110
22046
32268
21003
21235
22078
8274
22216
18190
20642
2354
3816
25331
4392
280
20921
20255
21369
26516
20168
13590
4589
20126
21451
20125
8170
21176
23393
30906
21185
284
8989
7663
7615
3055
2806
22646
32265
5514
22722
21131
17674
2856
9848
10451
7600
20598
21145
20966
6102
14492
7403
8807
5908
13192
21498
17459
21999
21819
6248
15737
23630
904
13459
25601
406
79
25067
26540
10536
11482
21989
6636
23185
21959
17372
15137
1806
1504
11137
24648
21045
20814
15353
24675
2009
2805
7988
3986
21186
13246
21010
6063
11826
2031
21317
3235
3605
23888
14745
20868
25298
2664
3584
2029
1310
21271
13418
11396
21904
18706
2481
1785
20960
21506
17327
7871
3031
6627
20826
1805
14837
2654
7409
1956
3084
23378
20863
2214
11568
19997
7182
19996
530
6439
4989
22725
6072
9978
7806
1659
1104
19954
20829
19953
1284
2635
4986
6057
7394
22088
11165
7780
22772
21953
23879
25824
6469
4580
4950
21540
14011
7702
13331
23918
19911
4592
20470
3559
9891
7051
11095
17287
7689
19910
32211
2630
4974
23203
959
21311
22741
1229
26243
15482
24669
3205
23870
2485
10967
4371
21492
24295
27065
18449
21462
704
21897
2464
21274
3434
23912
1259
26038
23867
19652
21637
10649
1756
1754
32245
1655
32269
17458
3529
25031
21321
12376
23149
2979
8066
3798
10564
430
11767
11552
9634
17030
21535
6836
4407
8820
21266
21805
23894
21867
935
1760
22261
21319
3185
16682
24494
5914
26005
10666
1784
3159
4777
23396
20866
6857
5723
12977
5517
7045
9117
20383
18707
21895
20907
10795
24660
235
21373
8222
7624
10407
7555
3081
15692
10107
8599
24461
27086
459
15653
21494
2114
22989
24642
22223
13837
1964
5714
32275
24844
2631
12858
8248
21772
4598
19179
21824
1804
25061
11723
11697
26759
32231
22225
32280
4419
16385
6099
4183
1959
23176
20999
4398
22125
22091
729
5556
14536
32288
22031
32254
26780
32220
6812
18792
32290
739
1984
14923
4365
7433
6463
9290
11526
22087
22222
20818
23170
22211
7212
21104
12642
4228
25803
8690
21324
18577
26804
18018
3259
21453
5532
4
3430
20817
3822
26258
17890
17889
20923
26002
20212
25547
14579
629
25571
5932
22178
454
8339
1481
31808
22039
31044
15912
32242
3405
56
19695
24862
32277
16686
22769
39
1989
22169
4980
21728
2309
9935
10131
14095
18921
2679
4965
8014
24117
11224
31814
9588
18406
22133
14019
9591
22002
22170
9796
24835
6460
1514
1256
4413
2705
21776
22182
21275
7897
24865
17503
8846
109
21912
384
21992
26237
21405
6487
404
21629
22041
21455
20909
21628
15524
85
6490
22083
954
1489
17029
17975
17933
26053
5338
7564
17932
21191
21583
11340
16298
13504
12556
21141
22174
2731
21717
17803
8911
32252
5526
5872
4607
24069
21505
21543
21955
6281
13275
2179
11870
26026
22137
4380
7427
9792
931
15387
22179
879
32283
22814
12375
16814
18663
705
354
17112
3389
31811
6
3254
18320
1430
21085
21364
5311
32239
21679
756
25598
19352
26017
589
13624
25058
6860
22757
7021
12299
431
8612
22273
4753
7230
20958
12902
21401
22744
21095
21231
21148
20869
2210
16729
464
21282
18234
15396
12342
884
23354
24479
18491
23158
9545
24832
4189
2160
534
2184
16170
25568
21320
23007
24497
21367
22790
21820
16041
529
26273
21682
585
23903
21580
14922
17329
3085
2204
21507
24443
32222
22260
21862
21547
5920
21865
21726
24108
11181
179
5359
23381
1234
21283
24847
5544
4756
3983
21140
3064
614
20906
25037
24491
14707
5538
21418
4374
32234
1339
14449
18965
1939
15008
20965
15654
2506
21733
6642
21954
21991
6075
25794
12600
23360
5875
30903
21133
23345
22122
9763
3861
13030
21100
22212
27116
5708
4216
24105
3560
27071
2335
24651
2331
21811
21000
21407
6442
20967
21678
21724
11612
21458
12385
13804
114
4613
7030
21676
5511
1056
18621
8001
9505
16858
15181
8885
21537
21584
7962
3364
22227
16169
2304
21096
4735
1484
909
20827
21765
6866
7188
26231
2129
22168
21634
21233
4795
21943
6081
5729
5150
4010
21098
781
21859
10751
21910
21626
26501
14
30
4583
24268
1231
8326
6997
984
22224
21227
9504
21187
4741
9589
12599
13675
1689
1254
10321
22045
18878
9806
18664
4559
5881
6621
4237
1330
11654
19093
21760
6660
21853
21101
16470
4416
15739
27107
15266
32209
3255
9977
21593
21956
2131
22778
2735
4962
25785
21134
7057
25812
21810
23016
4804
13074
25307
27110
22121
9246
9719
1439
4201
26939
14020
25797
25553
21898
22811
21595
7430
8456
21011
1634
204
20821
22181
22040
5735
22214
12687
13891
24645
1129
15867
1985
16471
3155
25283
23390
13245
6645
8430
25574
2006
4049
23882
8859
22266
21908
21538
1781
21639
7382
22668
21454
80
2559
19523
934
8703
1089
3184
26957
15825
11911
455
206
15824
21359
13159
356
13289
23621
255
3801
22033
26768
279
31050
24488
4944
21944
5726
9789
10923
21272
9032
20875
18191
1135
20341
20905
22259
6848
5702
7579
6678
15955
2285
9
3060
21812
2529
2330
21456
1860
8781
4616
23004
8144
26537
3014
4926
21582
18835
3506
24654
32270
7754
979
26966
806
26008
3846
3992
20995
24500
17631
26020
21852
364
21722
26756
3864
22032
814
21948
2509
17460
21358
25586
7015
21328
25779
22079
581
1506
2539
21447
1580
26807
21048
5738
734
26264
5869
5508
21014
19094
7573
15607
16299
32274
21504
21631
4553
24696
25776
5711
15223
12084
2484
7179
21058
2809
7767
405
25773
22001
22965
105
15481
21371
5684
19867
12901
4240
7728
21102
7936
21265
21644
2659
6633
13149
7832
21869
11440
6278
10563
11225
21768
15043
21907
6824
32287
12170
21002
15694
19481
22128
32251
8131
21909
19394
23402
6815
15695
25577
1060
11825
11724
7197
4932
5890
9787
25544
4401
25821
20914
4177
18534
21902
804
5493
7245
11354
24473
21641
23897
15826
27089
21284
25073
285
24482
21940
22823
11094
21903
21326
23191
1164
21730
18276
18620
27059
1279
21901
5917
23200
32216
409
23657
6454
12300
2984
12332
23399
16212
3029
6496
2189
26267
7594
5308
1930
25289
1054
26771
16256
5693
22271
26270
3539
2560
17546
32261
22123
22799
25788
11611
264
9547
2684
805
20873
16424
15738
3840
3230
6239
2139
3030
5162
8313
24877
10517
6651
25337
10709
5550
12558
7039
24292
2130
4425
3089
6863
31807
22172
21047
23921
21587
21188
9333
12894
21821
32208
4022
24114
24280
16126
20917
18964
1406
16901
3555
1629
3554
21138
24850
18793
630
7558
11912
24455
4956
7388
4947
8391
4562
3054
24464
32215
414
23876
5541
6639
21236
11439
3614
22184
26798
17202
6245
25286
2004
21410
5114
27092
21719
21267
21050
21597
6251
12197
21942
8157
21855
2181
25082
22817
26062
21503
32256
14321
21459
25827
3179
25830
10494
1960
2280
1431
2989
5123
24081
9546
8560
23387
21276
21491
32243
21402
14363
16164
26930
610
16857
21808
6445
24886
22671
2839
24057
21051
5490
13503
32236
7236
21490
23909
21633
26933
605
15309
4222
15911
8443
19007
35
6481
22983
7391
3009
2864
21951
31820
16127
4207
23209
23906
4195
21551
22030
26276
3381
2906
21411
22805
19738
21770
15007
21500
7570
14708
8963
6078
12041
21729
12815
25052
22820
639
9720
11998
23864
18319
3384
22166
3581
21675
9744
22036
17244
20911
5696
21544
6117
21674
21049
21053
3795
24259
6994
22136
21189
14063
3807
11740
6833
2655
10236
32284
22090
32212
7200
22217
14578
5929
1859
21356
5153
8534
20824
21599
559
5884
21640
10174
13798
8235
21268
2014
17116
21312
31817
21687
32276
26924
25583
21913
10606
21581
25319
20961
32263
1105
23372
26909
1759
22226
21184
5323
9632
22995
209
1485
24087
18277
8638
21194
22130
19050
32279
7412
21327
8079
11353
11010
20924
9677
4798
1584
6302
4359
13203
15052
10623
22256
21054
5553
11569
23369
17675
22176
4550
20832
11182
19782
21322
21142
21449
21221
21767
22138
24271
3414
21731
25562
15639
20879
2904
11525
24476
32217
17073
21987
21900
5329
17028
23915
5893
1260
17502
4019
24485
17245
21986
22781
1654
7373
1681
16556
1639
205
2909
26945
14191
20874
32218
8352
25304
10579
15648
23654
2880
15697
779
4389
456
24639
14621
5171
4410
4037
34
21502
32232
185
24503
2134
1630
6842
21417
14622
1139
9548
32235
13796
14664
6093
7239
24452
289
7618
22081
2656
24458
21716
2855
7793
13117
20950
18492
13762
3409
13848
6869
14793
3335
21041
8196
21224
9590
21220
6672
26059
1110
22802
8755
2030
26783
1764
21822
23609
6472
24693
25301
5899
21727
21007
3609
7949
5180
5878
25049
21149
12042
5896
20513
3359
1159
31560
12891
8027
27083
379
26047
21896
10518
31810
14794
26261
25040
4225
21370
20913
22075
24666
11869
8053
7233
11268
3355
4977
26240
14062
5487
20910
1606
20877
1929
2889
1306
21814
5902
2360
14320
4234
6684
3329
710
4547
3579
32224
21314
5332
3804
15395
22120
32262
12085
20956
21672
7242
6290
18749
1931
25292
25310
2804
3604
13160
7385
13547
22986
21863
1456
3580
7379
59
13589
6090
32247
20878
26528
20340
21091
24684
519
518
509
507
517
9765
21843
9764
2969
523
524
2968
520
14204
14161
3306
2954
2956
21348
3143
2974
2970
22708
32300
22724
22648
22662
5020
1258
27214
5053
22614
22610
3138
5061
522
26832
23218
21532
169
26629
2965
23275
23273
25363
2257
2259
26818
22681
22735
108
27127
21847
22116
3142
3130
3737
28730
159
525
3313
3314
3312
21162
26605
3324
113
2967
1398
26570
1343
22755
16360
1383
1389
27658
3704
3323
3322
26827
5017
1385
156
158
157
22113
23495
23493
9937
9980
21848
26859
3656
3655
22609
3654
22632
154
505
21347
6027
27693
175
22611
160
2266
25392
2264
2268
30825
2269
174
20628
25439
25441
27270
3137
24319
8106
23220
20629
20630
20632
510
3308
3307
3309
27137
3304
3310
28151
3653
6026
28144
24955
3131
1380
167
168
1918
23474
2273
2272
24338
21172
17480
22162
343
23073
16835
22147
28761
1381
28159
24908
11705
21928
28729
1040
18177
22655
21433
16554
16555
19768
23449
16466
32309
502
23411
27680
1905
1906
9871
28176
1569
1574
1572
2963
22675
22594
11447
21922
27701
18185
18184
18183
18182
18180
18179
18178
22107
13170
24760
24758
1748
23407
27351
21338
12178
27250
27248
9915
9914
16337
21482
12955
29853
22017
25110
25102
16380
11511
11510
11209
11167
11166
22480
22073
11725
11768
27832
9054
21036
21831
21151
23754
23707
29852
29883
9077
29883
9077
29735
21151
18775
22477
29817
22477
22477
22477
22477
28916
22477
22021
2093
22477
27357
25155
22301
28916
28884
854
3482
26975
22021
3482
22021
29817
2093
29732
22477
27357
3482
22301
28916
29817
854
22021
28884
854
25155
28884
27802
854
25159
854
28884
25159
854
25101
25155
28916
26977
28884
29817
29881
31048
29852
25159
28916
28902
28916
2085
28902
27802
29817
2085
25100
2085
2085
2084
854
2084
854
2086
2086
27802
2086
27802
29852
2085
2084
22301
29817
854
27802
29735
22021
28884
29881
27802
29735
22021
22301
22301
22301
29817
25100
22301
29817
6356
25159
29817
6356
29817
854
22301
25159
29817
2094
27802
29817
2094
27802
2085
2084
29817
2094
27802
2085
2084
2085
25100
2085
2085
2084
26971
25159
2085
2084
3500
2085
853
3500
854
329
25100
23024
2100
853
859
856
854
1212
21921
853
2093
25100
19688
27357
329
854
853
2093
24730
25100
19688
25100
19688
27357
25110
3501
3500
19689
2085
27357
28294
2100
2085
23024
29732
25100
25159
27357
2093
25110
2603
2085
854
2603
854
2094
2603
2603
28868
854
854
28868
854
27248
9914
16337
16380
11511
11510
11166
11209
11725
11768
27230
9055
9054
15649
15606
27240
11339
31685
14053
10648
12976
11296
13666
11553
10562
10519
10304
32099
9270
9269
17544
17543
15388
15389
13623
9828
12889
13709
13838
14139
15044
9700
29731
13234
15260
14354
12199
30901
14700
30904
12244
12416
14743
14744
12933
12330
14658
9743
9958
16165
15907
14786
14657
13537
12373
13276
10605
13795
14096
16122
12890
12932
9227
9226
14787
15259
15303
15302
10863
10906
11252
9786
14701
12417
16423
17027
16509
17157
13233
10089
12198
12288
12975
9098
11467
11468
12331
12287
9097
10132
16726
10691